-1195.64513656
-1195.67522451
-1195.72507957
-1195.83162893
-1195.86623435
-1195.95922998
-1195.97263000
-1195.96331028
-1196.00031151
-1196.01118132
-1196.01489026
-1196.01896141
-1196.02228961
-1196.02459217
-1196.02615051
-1196.02728333
-1196.02811339
-1196.02857920
-1196.02845717
-1196.02756412
-1196.02590671
-1196.02357443
-1196.02071095
-1196.01748524
-1196.01406211
-1196.00711850
-1196.00039050
-1195.99375546
-1195.98688881
-1195.97583199
-1195.96515298
-1195.95473243
-1195.94509023
-1195.93705342
-1195.92988164
-1195.92182967
-1195.91131313
-1195.88497515
-1195.85513639
-1195.83879695
-1195.83802270
-1195.83802270
-1195.83802270
-1195.83802270
-1195.83802270
-1195.83802270
-1195.83802270
-1195.83802270
-1195.83802270
-1195.83802270
-1195.83802270
-1195.83802270
-1195.83802270
-1195.83802270
-1195.83802270
-1195.83802270
-1195.83802270
