2.11160469
2.21147055
2.31134806
2.41123579
2.51113251
2.56108292
2.61103520
2.66098925
2.71094497
2.73592393
2.76090327
2.78588298
2.81086306
2.83584349
2.86082427
2.88580538
2.91078682
2.93576858
2.96075065
2.98573303
3.01071569
3.03569865
3.06068189
3.08566540
3.11064918
3.16061652
3.21058486
3.26055415
3.31052435
3.38548275
3.46044298
3.53540493
3.61036847
3.68533259
3.76029812
3.83526499
3.91023311
4.03518312
4.16013613
4.28509188
4.41005012
4.53501067
4.65997332
4.78493791
4.90990431
5.15984302
5.40978747
5.65973690
5.90969067
6.40960717
6.90953568
7.40947379
7.90941966
9.15931102
10.40922844
11.65916356
12.90911122
