2.18443536
2.28128292
2.37839145
2.47573027
2.57327322
2.62211315
2.67099599
2.71991941
2.76888128
2.79337649
2.81788057
2.84239329
2.86691442
2.89144377
2.91598111
2.94052624
2.96507898
2.98963914
3.01420653
3.03878098
3.06336232
3.08795039
3.11254502
3.13714606
3.16175336
3.21098519
3.26024038
3.30951788
3.35881672
3.43280446
3.50683523
3.58090637
3.65501540
3.72915898
3.80333613
3.87754492
3.95178356
4.07557738
4.19944265
4.32337323
4.44736367
4.57140909
4.69550513
4.81964788
4.94383383
5.19232384
5.44095228
5.68970098
5.93855484
6.43652730
6.93479147
7.43328871
7.93197506
9.17931703
10.42729560
11.67570664
12.92442483
