  1.30000000  7.61090953
  1.30100000  7.44966181
  1.30200000  7.29043727
  1.30300000  7.13321202
  1.30400000  6.97796245
  1.30500000  6.82466523
  1.30600000  6.67329731
  1.30700000  6.52383593
  1.30800000  6.37625859
  1.30900000  6.23054307
  1.31000000  6.08666740
  1.31100000  5.94460990
  1.31200000  5.80434912
  1.31300000  5.66586388
  1.31400000  5.52913327
  1.31500000  5.39413660
  1.31600000  5.26085345
  1.31700000  5.12926364
  1.31800000  4.99934721
  1.31900000  4.87108448
  1.32000000  4.74445596
  1.32100000  4.61944243
  1.32200000  4.49602487
  1.32300000  4.37418450
  1.32400000  4.25390277
  1.32500000  4.13516133
  1.32600000  4.01794208
  1.32700000  3.90222711
  1.32800000  3.78799872
  1.32900000  3.67523945
  1.33000000  3.56393201
  1.33100000  3.45405935
  1.33200000  3.34560458
  1.33300000  3.23855107
  1.33400000  3.13288232
  1.33500000  3.02858209
  1.33600000  2.92563427
  1.33700000  2.82402300
  1.33800000  2.72373256
  1.33900000  2.62474744
  1.34000000  2.52705231
  1.34100000  2.43063203
  1.34200000  2.33547161
  1.34300000  2.24155627
  1.34400000  2.14887139
  1.34500000  2.05740251
  1.34600000  1.96713537
  1.34700000  1.87805585
  1.34800000  1.79015002
  1.34900000  1.70340408
  1.35000000  1.61780444
  1.35100000  1.53333763
  1.35200000  1.44999035
  1.35300000  1.36774947
  1.35400000  1.28660199
  1.35500000  1.20653509
  1.35600000  1.12753608
  1.35700000  1.04959243
  1.35800000  0.97269174
  1.35900000  0.89682178
  1.36000000  0.82197046
  1.36100000  0.74812580
  1.36200000  0.67527600
  1.36300000  0.60340937
  1.36400000  0.53251439
  1.36500000  0.46257963
  1.36600000  0.39359382
  1.36700000  0.32554584
  1.36800000  0.25842465
  1.36900000  0.19221939
  1.37000000  0.12691929
  1.37100000  0.06251373
  1.37200000 -0.00100780
  1.37300000 -0.06365569
  1.37400000 -0.12544019
  1.37500000 -0.18637145
  1.37600000 -0.24645949
  1.37700000 -0.30571422
  1.37800000 -0.36414543
  1.37900000 -0.42176280
  1.38000000 -0.47857590
  1.38100000 -0.53459418
  1.38200000 -0.58982699
  1.38300000 -0.64428356
  1.38400000 -0.69797302
  1.38500000 -0.75090439
  1.38600000 -0.80308659
  1.38700000 -0.85452844
  1.38800000 -0.90523865
  1.38900000 -0.95522582
  1.39000000 -1.00449848
  1.39100000 -1.05306502
  1.39200000 -1.10093378
  1.39300000 -1.14811296
  1.39400000 -1.19461070
  1.39500000 -1.24043501
  1.39600000 -1.28559385
  1.39700000 -1.33009504
  1.39800000 -1.37394635
  1.39900000 -1.41715545
  1.40000000 -1.45972990
  1.40100000 -1.50167720
  1.40200000 -1.54300474
  1.40300000 -1.58371986
  1.40400000 -1.62382977
  1.40500000 -1.66334162
  1.40600000 -1.70226249
  1.40700000 -1.74059936
  1.40800000 -1.77835913
  1.40900000 -1.81554862
  1.41000000 -1.85217459
  1.41100000 -1.88824370
  1.41200000 -1.92376254
  1.41300000 -1.95873763
  1.41400000 -1.99317542
  1.41500000 -2.02708226
  1.41600000 -2.06046445
  1.41700000 -2.09332821
  1.41800000 -2.12567969
  1.41900000 -2.15752497
  1.42000000 -2.18887006
  1.42100000 -2.21972090
  1.42200000 -2.25008337
  1.42300000 -2.27996326
  1.42400000 -2.30936631
  1.42500000 -2.33829820
  1.42600000 -2.36676453
  1.42700000 -2.39477085
  1.42800000 -2.42232263
  1.42900000 -2.44942529
  1.43000000 -2.47608419
  1.43100000 -2.50230462
  1.43200000 -2.52809181
  1.43300000 -2.55345093
  1.43400000 -2.57838710
  1.43500000 -2.60290537
  1.43600000 -2.62701074
  1.43700000 -2.65070814
  1.43800000 -2.67400247
  1.43900000 -2.69689854
  1.44000000 -2.71940114
  1.44100000 -2.74151497
  1.44200000 -2.76324470
  1.44300000 -2.78459495
  1.44400000 -2.80557026
  1.44500000 -2.82617515
  1.44600000 -2.84641407
  1.44700000 -2.86629142
  1.44800000 -2.88581155
  1.44900000 -2.90497878
  1.45000000 -2.92379735
  1.45100000 -2.94227146
  1.45200000 -2.96040528
  1.45300000 -2.97820292
  1.45400000 -2.99566844
  1.45500000 -3.01280585
  1.45600000 -3.02961914
  1.45700000 -3.04611221
  1.45800000 -3.06228897
  1.45900000 -3.07815323
  1.46000000 -3.09370880
  1.46100000 -3.10895943
  1.46200000 -3.12390882
  1.46300000 -3.13856063
  1.46400000 -3.15291850
  1.46500000 -3.16698600
  1.46600000 -3.18076668
  1.46700000 -3.19426404
  1.46800000 -3.20748153
  1.46900000 -3.22042258
  1.47000000 -3.23309057
  1.47100000 -3.24548885
  1.47200000 -3.25762072
  1.47300000 -3.26948945
  1.47400000 -3.28109827
  1.47500000 -3.29245039
  1.47600000 -3.30354894
  1.47700000 -3.31439707
  1.47800000 -3.32499785
  1.47900000 -3.33535434
  1.48000000 -3.34546956
  1.48100000 -3.35534648
  1.48200000 -3.36498806
  1.48300000 -3.37439721
  1.48400000 -3.38357682
  1.48500000 -3.39252973
  1.48600000 -3.40125876
  1.48700000 -3.40976670
  1.48800000 -3.41805630
  1.48900000 -3.42613028
  1.49000000 -3.43399133
  1.49100000 -3.44164212
  1.49200000 -3.44908527
  1.49300000 -3.45632339
  1.49400000 -3.46335905
  1.49500000 -3.47019478
  1.49600000 -3.47683311
  1.49700000 -3.48327651
  1.49800000 -3.48952744
  1.49900000 -3.49558834
  1.50000000 -3.50146159
  1.50100000 -3.50714958
  1.50200000 -3.51265465
  1.50300000 -3.51797913
  1.50400000 -3.52312529
  1.50500000 -3.52809542
  1.50600000 -3.53289176
  1.50700000 -3.53751651
  1.50800000 -3.54197187
  1.50900000 -3.54626001
  1.51000000 -3.55038307
  1.51100000 -3.55434317
  1.51200000 -3.55814239
  1.51300000 -3.56178281
  1.51400000 -3.56526648
  1.51500000 -3.56859541
  1.51600000 -3.57177161
  1.51700000 -3.57479705
  1.51800000 -3.57767369
  1.51900000 -3.58040346
  1.52000000 -3.58298826
  1.52100000 -3.58543000
  1.52200000 -3.58773053
  1.52300000 -3.58989170
  1.52400000 -3.59191534
  1.52500000 -3.59380324
  1.52600000 -3.59555720
  1.52700000 -3.59717898
  1.52800000 -3.59867031
  1.52900000 -3.60003293
  1.53000000 -3.60126853
  1.53100000 -3.60237880
  1.53200000 -3.60336541
  1.53300000 -3.60423000
  1.53400000 -3.60497420
  1.53500000 -3.60559962
  1.53600000 -3.60610784
  1.53700000 -3.60650045
  1.53800000 -3.60677899
  1.53900000 -3.60694500
  1.54000000 -3.60700000
  1.54100000 -3.60694550
  1.54200000 -3.60678297
  1.54300000 -3.60651389
  1.54400000 -3.60613970
  1.54500000 -3.60566185
  1.54600000 -3.60508174
  1.54700000 -3.60440079
  1.54800000 -3.60362037
  1.54900000 -3.60274186
  1.55000000 -3.60176661
  1.55100000 -3.60069596
  1.55200000 -3.59953123
  1.55300000 -3.59827374
  1.55400000 -3.59692477
  1.55500000 -3.59548561
  1.55600000 -3.59395751
  1.55700000 -3.59234174
  1.55800000 -3.59063952
  1.55900000 -3.58885207
  1.56000000 -3.58698061
  1.56100000 -3.58502632
  1.56200000 -3.58299038
  1.56300000 -3.58087397
  1.56400000 -3.57867823
  1.56500000 -3.57640430
  1.56600000 -3.57405332
  1.56700000 -3.57162639
  1.56800000 -3.56912461
  1.56900000 -3.56654907
  1.57000000 -3.56390086
  1.57100000 -3.56118102
  1.57200000 -3.55839062
  1.57300000 -3.55553068
  1.57400000 -3.55260225
  1.57500000 -3.54960632
  1.57600000 -3.54654392
  1.57700000 -3.54341602
  1.57800000 -3.54022361
  1.57900000 -3.53696765
  1.58000000 -3.53364912
  1.58100000 -3.53026894
  1.58200000 -3.52682806
  1.58300000 -3.52332741
  1.58400000 -3.51976789
  1.58500000 -3.51615042
  1.58600000 -3.51247588
  1.58700000 -3.50874515
  1.58800000 -3.50495912
  1.58900000 -3.50111864
  1.59000000 -3.49722457
  1.59100000 -3.49327774
  1.59200000 -3.48927900
  1.59300000 -3.48522916
  1.59400000 -3.48112904
  1.59500000 -3.47697944
  1.59600000 -3.47278116
  1.59700000 -3.46853498
  1.59800000 -3.46424169
  1.59900000 -3.45990204
  1.60000000 -3.45551679
  1.60100000 -3.45108670
  1.60200000 -3.44661251
  1.60300000 -3.44209494
  1.60400000 -3.43753473
  1.60500000 -3.43293259
  1.60600000 -3.42828922
  1.60700000 -3.42360532
  1.60800000 -3.41888158
  1.60900000 -3.41411870
  1.61000000 -3.40931733
  1.61100000 -3.40447814
  1.61200000 -3.39960181
  1.61300000 -3.39468897
  1.61400000 -3.38974026
  1.61500000 -3.38475633
  1.61600000 -3.37973781
  1.61700000 -3.37468530
  1.61800000 -3.36959944
  1.61900000 -3.36448081
  1.62000000 -3.35933003
  1.62100000 -3.35414768
  1.62200000 -3.34893435
  1.62300000 -3.34369062
  1.62400000 -3.33841705
  1.62500000 -3.33311421
  1.62600000 -3.32778267
  1.62700000 -3.32242296
  1.62800000 -3.31703564
  1.62900000 -3.31162124
  1.63000000 -3.30618029
  1.63100000 -3.30071333
  1.63200000 -3.29522086
  1.63300000 -3.28970340
  1.63400000 -3.28416146
  1.63500000 -3.27859554
  1.63600000 -3.27300613
  1.63700000 -3.26739372
  1.63800000 -3.26175879
  1.63900000 -3.25610183
  1.64000000 -3.25042330
  1.64100000 -3.24472366
  1.64200000 -3.23900339
  1.64300000 -3.23326292
  1.64400000 -3.22750272
  1.64500000 -3.22172321
  1.64600000 -3.21592486
  1.64700000 -3.21010807
  1.64800000 -3.20427329
  1.64900000 -3.19842093
  1.65000000 -3.19255142
  1.65100000 -3.18666516
  1.65200000 -3.18076256
  1.65300000 -3.17484402
  1.65400000 -3.16890994
  1.65500000 -3.16296072
  1.65600000 -3.15699674
  1.65700000 -3.15101838
  1.65800000 -3.14502602
  1.65900000 -3.13902004
  1.66000000 -3.13300080
  1.66100000 -3.12696866
  1.66200000 -3.12092400
  1.66300000 -3.11486716
  1.66400000 -3.10879849
  1.66500000 -3.10271835
  1.66600000 -3.09662707
  1.66700000 -3.09052499
  1.66800000 -3.08441244
  1.66900000 -3.07828976
  1.67000000 -3.07215727
  1.67100000 -3.06601529
  1.67200000 -3.05986415
  1.67300000 -3.05370414
  1.67400000 -3.04753559
  1.67500000 -3.04135880
  1.67600000 -3.03517407
  1.67700000 -3.02898170
  1.67800000 -3.02278198
  1.67900000 -3.01657520
  1.68000000 -3.01036166
  1.68100000 -3.00414163
  1.68200000 -2.99791540
  1.68300000 -2.99168323
  1.68400000 -2.98544541
  1.68500000 -2.97920220
  1.68600000 -2.97295386
  1.68700000 -2.96670067
  1.68800000 -2.96044287
  1.68900000 -2.95418073
  1.69000000 -2.94791450
  1.69100000 -2.94164442
  1.69200000 -2.93537075
  1.69300000 -2.92909372
  1.69400000 -2.92281357
  1.69500000 -2.91653055
  1.69600000 -2.91024487
  1.69700000 -2.90395679
  1.69800000 -2.89766651
  1.69900000 -2.89137427
  1.70000000 -2.88508029
  1.70100000 -2.87878478
  1.70200000 -2.87248796
  1.70300000 -2.86619005
  1.70400000 -2.85989125
  1.70500000 -2.85359178
  1.70600000 -2.84729183
  1.70700000 -2.84099160
  1.70800000 -2.83469131
  1.70900000 -2.82839113
  1.71000000 -2.82209127
  1.71100000 -2.81579192
  1.71200000 -2.80949327
  1.71300000 -2.80319550
  1.71400000 -2.79689879
  1.71500000 -2.79060333
  1.71600000 -2.78430929
  1.71700000 -2.77801686
  1.71800000 -2.77172620
  1.71900000 -2.76543749
  1.72000000 -2.75915089
  1.72100000 -2.75286657
  1.72200000 -2.74658470
  1.72300000 -2.74030544
  1.72400000 -2.73402894
  1.72500000 -2.72775538
  1.72600000 -2.72148489
  1.72700000 -2.71521763
  1.72800000 -2.70895376
  1.72900000 -2.70269343
  1.73000000 -2.69643678
  1.73100000 -2.69018395
  1.73200000 -2.68393509
  1.73300000 -2.67769034
  1.73400000 -2.67144984
  1.73500000 -2.66521372
  1.73600000 -2.65898212
  1.73700000 -2.65275517
  1.73800000 -2.64653301
  1.73900000 -2.64031576
  1.74000000 -2.63410355
  1.74100000 -2.62789650
  1.74200000 -2.62169474
  1.74300000 -2.61549839
  1.74400000 -2.60930756
  1.74500000 -2.60312239
  1.74600000 -2.59694297
  1.74700000 -2.59076944
  1.74800000 -2.58460190
  1.74900000 -2.57844045
  1.75000000 -2.57228522
  1.75100000 -2.56613631
  1.75200000 -2.55999382
  1.75300000 -2.55385787
  1.75400000 -2.54772854
  1.75500000 -2.54160595
  1.75600000 -2.53549020
  1.75700000 -2.52938137
  1.75800000 -2.52327958
  1.75900000 -2.51718490
  1.76000000 -2.51109745
  1.76100000 -2.50501731
  1.76200000 -2.49894456
  1.76300000 -2.49287931
  1.76400000 -2.48682164
  1.76500000 -2.48077163
  1.76600000 -2.47472936
  1.76700000 -2.46869494
  1.76800000 -2.46266842
  1.76900000 -2.45664991
  1.77000000 -2.45063947
  1.77100000 -2.44463719
  1.77200000 -2.43864313
  1.77300000 -2.43265739
  1.77400000 -2.42668003
  1.77500000 -2.42071112
  1.77600000 -2.41475074
  1.77700000 -2.40879896
  1.77800000 -2.40285584
  1.77900000 -2.39692146
  1.78000000 -2.39099589
  1.78100000 -2.38507918
  1.78200000 -2.37917141
  1.78300000 -2.37327264
  1.78400000 -2.36738293
  1.78500000 -2.36150233
  1.78600000 -2.35563092
  1.78700000 -2.34976876
  1.78800000 -2.34391589
  1.78900000 -2.33807238
  1.79000000 -2.33223828
  1.79100000 -2.32641365
  1.79200000 -2.32059854
  1.79300000 -2.31479300
  1.79400000 -2.30899709
  1.79500000 -2.30321086
  1.79600000 -2.29743436
  1.79700000 -2.29166763
  1.79800000 -2.28591073
  1.79900000 -2.28016370
  1.80000000 -2.27442659
  1.80100000 -2.26869944
  1.80200000 -2.26298230
  1.80300000 -2.25727521
  1.80400000 -2.25157821
  1.80500000 -2.24589134
  1.80600000 -2.24021466
  1.80700000 -2.23454818
  1.80800000 -2.22889197
  1.80900000 -2.22324604
  1.81000000 -2.21761044
  1.81100000 -2.21198522
  1.81200000 -2.20637039
  1.81300000 -2.20076600
  1.81400000 -2.19517208
  1.81500000 -2.18958867
  1.81600000 -2.18401579
  1.81700000 -2.17845349
  1.81800000 -2.17290178
  1.81900000 -2.16736070
  1.82000000 -2.16183029
  1.82100000 -2.15631056
  1.82200000 -2.15080155
  1.82300000 -2.14530328
  1.82400000 -2.13981578
  1.82500000 -2.13433908
  1.82600000 -2.12887321
  1.82700000 -2.12341818
  1.82800000 -2.11797402
  1.82900000 -2.11254075
  1.83000000 -2.10711840
  1.83100000 -2.10170699
  1.83200000 -2.09630654
  1.83300000 -2.09091707
  1.83400000 -2.08553860
  1.83500000 -2.08017115
  1.83600000 -2.07481474
  1.83700000 -2.06946939
  1.83800000 -2.06413511
  1.83900000 -2.05881193
  1.84000000 -2.05349985
  1.84100000 -2.04819890
  1.84200000 -2.04290909
  1.84300000 -2.03763043
  1.84400000 -2.03236294
  1.84500000 -2.02710664
  1.84600000 -2.02186153
  1.84700000 -2.01662763
  1.84800000 -2.01140495
  1.84900000 -2.00619350
  1.85000000 -2.00099330
  1.85100000 -1.99580435
  1.85200000 -1.99062667
  1.85300000 -1.98546026
  1.85400000 -1.98030513
  1.85500000 -1.97516130
  1.85600000 -1.97002876
  1.85700000 -1.96490753
  1.85800000 -1.95979762
  1.85900000 -1.95469903
  1.86000000 -1.94961177
  1.86100000 -1.94453584
  1.86200000 -1.93947125
  1.86300000 -1.93441801
  1.86400000 -1.92937611
  1.86500000 -1.92434557
  1.86600000 -1.91932639
  1.86700000 -1.91431856
  1.86800000 -1.90932210
  1.86900000 -1.90433701
  1.87000000 -1.89936328
  1.87100000 -1.89440093
  1.87200000 -1.88944995
  1.87300000 -1.88451033
  1.87400000 -1.87958210
  1.87500000 -1.87466523
  1.87600000 -1.86975974
  1.87700000 -1.86486562
  1.87800000 -1.85998288
  1.87900000 -1.85511150
  1.88000000 -1.85025150
  1.88100000 -1.84540286
  1.88200000 -1.84056559
  1.88300000 -1.83573968
  1.88400000 -1.83092513
  1.88500000 -1.82612194
  1.88600000 -1.82133010
  1.88700000 -1.81654961
  1.88800000 -1.81178047
  1.88900000 -1.80702267
  1.89000000 -1.80227621
  1.89100000 -1.79754107
  1.89200000 -1.79281727
  1.89300000 -1.78810478
  1.89400000 -1.78340361
  1.89500000 -1.77871375
  1.89600000 -1.77403519
  1.89700000 -1.76936793
  1.89800000 -1.76471196
  1.89900000 -1.76006726
  1.90000000 -1.75543385
  1.90100000 -1.75081169
  1.90200000 -1.74620080
  1.90300000 -1.74160116
  1.90400000 -1.73701276
  1.90500000 -1.73243559
  1.90600000 -1.72786964
  1.90700000 -1.72331491
  1.90800000 -1.71877139
  1.90900000 -1.71423906
  1.91000000 -1.70971792
  1.91100000 -1.70520795
  1.91200000 -1.70070915
  1.91300000 -1.69622150
  1.91400000 -1.69174499
  1.91500000 -1.68727962
  1.91600000 -1.68282537
  1.91700000 -1.67838223
  1.91800000 -1.67395019
  1.91900000 -1.66952924
  1.92000000 -1.66511936
  1.92100000 -1.66072055
  1.92200000 -1.65633278
  1.92300000 -1.65195606
  1.92400000 -1.64759035
  1.92500000 -1.64323566
  1.92600000 -1.63889197
  1.92700000 -1.63455927
  1.92800000 -1.63023754
  1.92900000 -1.62592676
  1.93000000 -1.62162693
  1.93100000 -1.61733803
  1.93200000 -1.61306005
  1.93300000 -1.60879298
  1.93400000 -1.60453679
  1.93500000 -1.60029147
  1.93600000 -1.59605701
  1.93700000 -1.59183340
  1.93800000 -1.58762062
  1.93900000 -1.58341864
  1.94000000 -1.57922747
  1.94100000 -1.57504708
  1.94200000 -1.57087746
  1.94300000 -1.56671859
  1.94400000 -1.56257046
  1.94500000 -1.55843305
  1.94600000 -1.55430634
  1.94700000 -1.55019032
  1.94800000 -1.54608497
  1.94900000 -1.54199027
  1.95000000 -1.53790621
  1.95100000 -1.53383278
  1.95200000 -1.52976994
  1.95300000 -1.52571770
  1.95400000 -1.52167603
  1.95500000 -1.51764491
  1.95600000 -1.51362432
  1.95700000 -1.50961426
  1.95800000 -1.50561470
  1.95900000 -1.50162562
  1.96000000 -1.49764700
  1.96100000 -1.49367884
  1.96200000 -1.48972111
  1.96300000 -1.48577378
  1.96400000 -1.48183686
  1.96500000 -1.47791030
  1.96600000 -1.47399411
  1.96700000 -1.47008826
  1.96800000 -1.46619273
  1.96900000 -1.46230750
  1.97000000 -1.45843255
  1.97100000 -1.45456787
  1.97200000 -1.45071344
  1.97300000 -1.44686923
  1.97400000 -1.44303524
  1.97500000 -1.43921143
  1.97600000 -1.43539780
  1.97700000 -1.43159432
  1.97800000 -1.42780097
  1.97900000 -1.42401773
  1.98000000 -1.42024459
  1.98100000 -1.41648153
  1.98200000 -1.41272852
  1.98300000 -1.40898554
  1.98400000 -1.40525259
  1.98500000 -1.40152963
  1.98600000 -1.39781664
  1.98700000 -1.39411362
  1.98800000 -1.39042053
  1.98900000 -1.38673736
  1.99000000 -1.38306409
  1.99100000 -1.37940070
  1.99200000 -1.37574716
  1.99300000 -1.37210347
  1.99400000 -1.36846959
  1.99500000 -1.36484551
  1.99600000 -1.36123121
  1.99700000 -1.35762666
  1.99800000 -1.35403185
  1.99900000 -1.35044676
  2.00000000 -1.34687137
  2.00100000 -1.34330566
  2.00200000 -1.33974960
  2.00300000 -1.33620317
  2.00400000 -1.33266636
  2.00500000 -1.32913915
  2.00600000 -1.32562151
  2.00700000 -1.32211342
  2.00800000 -1.31861487
  2.00900000 -1.31512583
  2.01000000 -1.31164628
  2.01100000 -1.30817620
  2.01200000 -1.30471557
  2.01300000 -1.30126438
  2.01400000 -1.29782259
  2.01500000 -1.29439019
  2.01600000 -1.29096715
  2.01700000 -1.28755347
  2.01800000 -1.28414911
  2.01900000 -1.28075405
  2.02000000 -1.27736828
  2.02100000 -1.27399177
  2.02200000 -1.27062451
  2.02300000 -1.26726646
  2.02400000 -1.26391762
  2.02500000 -1.26057795
  2.02600000 -1.25724745
  2.02700000 -1.25392608
  2.02800000 -1.25061383
  2.02900000 -1.24731067
  2.03000000 -1.24401659
  2.03100000 -1.24073156
  2.03200000 -1.23745556
  2.03300000 -1.23418858
  2.03400000 -1.23093058
  2.03500000 -1.22768156
  2.03600000 -1.22444148
  2.03700000 -1.22121034
  2.03800000 -1.21798809
  2.03900000 -1.21477474
  2.04000000 -1.21157024
  2.04100000 -1.20837459
  2.04200000 -1.20518777
  2.04300000 -1.20200974
  2.04400000 -1.19884049
  2.04500000 -1.19568000
  2.04600000 -1.19252825
  2.04700000 -1.18938522
  2.04800000 -1.18625088
  2.04900000 -1.18312522
  2.05000000 -1.18000821
  2.05100000 -1.17689984
  2.05200000 -1.17380007
  2.05300000 -1.17070890
  2.05400000 -1.16762629
  2.05500000 -1.16455224
  2.05600000 -1.16148671
  2.05700000 -1.15842968
  2.05800000 -1.15538115
  2.05900000 -1.15234108
  2.06000000 -1.14930945
  2.06100000 -1.14628624
  2.06200000 -1.14327144
  2.06300000 -1.14026502
  2.06400000 -1.13726695
  2.06500000 -1.13427723
  2.06600000 -1.13129583
  2.06700000 -1.12832272
  2.06800000 -1.12535789
  2.06900000 -1.12240131
  2.07000000 -1.11945297
  2.07100000 -1.11651284
  2.07200000 -1.11358091
  2.07300000 -1.11065714
  2.07400000 -1.10774153
  2.07500000 -1.10483405
  2.07600000 -1.10193469
  2.07700000 -1.09904341
  2.07800000 -1.09616019
  2.07900000 -1.09328503
  2.08000000 -1.09041790
  2.08100000 -1.08755877
  2.08200000 -1.08470763
  2.08300000 -1.08186445
  2.08400000 -1.07902922
  2.08500000 -1.07620191
  2.08600000 -1.07338251
  2.08700000 -1.07057099
  2.08800000 -1.06776733
  2.08900000 -1.06497152
  2.09000000 -1.06218352
  2.09100000 -1.05940334
  2.09200000 -1.05663093
  2.09300000 -1.05386628
  2.09400000 -1.05110937
  2.09500000 -1.04836019
  2.09600000 -1.04561870
  2.09700000 -1.04288489
  2.09800000 -1.04015875
  2.09900000 -1.03744024
  2.10000000 -1.03472935
  2.10100000 -1.03202606
  2.10200000 -1.02933035
  2.10300000 -1.02664220
  2.10400000 -1.02396159
  2.10500000 -1.02128850
  2.10600000 -1.01862290
  2.10700000 -1.01596479
  2.10800000 -1.01331413
  2.10900000 -1.01067091
  2.11000000 -1.00803511
  2.11100000 -1.00540671
  2.11200000 -1.00278569
  2.11300000 -1.00017203
  2.11400000 -0.99756571
  2.11500000 -0.99496671
  2.11600000 -0.99237501
  2.11700000 -0.98979059
  2.11800000 -0.98721344
  2.11900000 -0.98464352
  2.12000000 -0.98208082
  2.12100000 -0.97952533
  2.12200000 -0.97697702
  2.12300000 -0.97443588
  2.12400000 -0.97190188
  2.12500000 -0.96937500
  2.12600000 -0.96685523
  2.12700000 -0.96434254
  2.12800000 -0.96183692
  2.12900000 -0.95933835
  2.13000000 -0.95684680
  2.13100000 -0.95436226
  2.13200000 -0.95188472
  2.13300000 -0.94941414
  2.13400000 -0.94695052
  2.13500000 -0.94449382
  2.13600000 -0.94204404
  2.13700000 -0.93960116
  2.13800000 -0.93716515
  2.13900000 -0.93473599
  2.14000000 -0.93231368
  2.14100000 -0.92989818
  2.14200000 -0.92748948
  2.14300000 -0.92508756
  2.14400000 -0.92269241
  2.14500000 -0.92030400
  2.14600000 -0.91792231
  2.14700000 -0.91554733
  2.14800000 -0.91317904
  2.14900000 -0.91081741
  2.15000000 -0.90846244
  2.15100000 -0.90611409
  2.15200000 -0.90377237
  2.15300000 -0.90143723
  2.15400000 -0.89910867
  2.15500000 -0.89678667
  2.15600000 -0.89447122
  2.15700000 -0.89216228
  2.15800000 -0.88985984
  2.15900000 -0.88756389
  2.16000000 -0.88527441
  2.16100000 -0.88299138
  2.16200000 -0.88071478
  2.16300000 -0.87844459
  2.16400000 -0.87618079
  2.16500000 -0.87392338
  2.16600000 -0.87167232
  2.16700000 -0.86942760
  2.16800000 -0.86718920
  2.16900000 -0.86495712
  2.17000000 -0.86273131
  2.17100000 -0.86051178
  2.17200000 -0.85829850
  2.17300000 -0.85609146
  2.17400000 -0.85389063
  2.17500000 -0.85169600
  2.17600000 -0.84950755
  2.17700000 -0.84732527
  2.17800000 -0.84514913
  2.17900000 -0.84297912
  2.18000000 -0.84081523
  2.18100000 -0.83865742
  2.18200000 -0.83650570
  2.18300000 -0.83436003
  2.18400000 -0.83222041
  2.18500000 -0.83008682
  2.18600000 -0.82795923
  2.18700000 -0.82583763
  2.18800000 -0.82372201
  2.18900000 -0.82161235
  2.19000000 -0.81950862
  2.19100000 -0.81741082
  2.19200000 -0.81531892
  2.19300000 -0.81323292
  2.19400000 -0.81115278
  2.19500000 -0.80907850
  2.19600000 -0.80701006
  2.19700000 -0.80494745
  2.19800000 -0.80289064
  2.19900000 -0.80083961
  2.20000000 -0.79879436
  2.20100000 -0.79675487
  2.20200000 -0.79472111
  2.20300000 -0.79269308
  2.20400000 -0.79067075
  2.20500000 -0.78865412
  2.20600000 -0.78664316
  2.20700000 -0.78463785
  2.20800000 -0.78263819
  2.20900000 -0.78064415
  2.21000000 -0.77865571
  2.21100000 -0.77667288
  2.21200000 -0.77469561
  2.21300000 -0.77272391
  2.21400000 -0.77075775
  2.21500000 -0.76879712
  2.21600000 -0.76684200
  2.21700000 -0.76489238
  2.21800000 -0.76294824
  2.21900000 -0.76100956
  2.22000000 -0.75907633
  2.22100000 -0.75714854
  2.22200000 -0.75522616
  2.22300000 -0.75330918
  2.22400000 -0.75139759
  2.22500000 -0.74949137
  2.22600000 -0.74759050
  2.22700000 -0.74569497
  2.22800000 -0.74380477
  2.22900000 -0.74191987
  2.23000000 -0.74004027
  2.23100000 -0.73816595
  2.23200000 -0.73629688
  2.23300000 -0.73443307
  2.23400000 -0.73257448
  2.23500000 -0.73072111
  2.23600000 -0.72887294
  2.23700000 -0.72702996
  2.23800000 -0.72519215
  2.23900000 -0.72335950
  2.24000000 -0.72153198
  2.24100000 -0.71970959
  2.24200000 -0.71789232
  2.24300000 -0.71608014
  2.24400000 -0.71427304
  2.24500000 -0.71247100
  2.24600000 -0.71067402
  2.24700000 -0.70888207
  2.24800000 -0.70709515
  2.24900000 -0.70531324
  2.25000000 -0.70353631
  2.25100000 -0.70176437
  2.25200000 -0.69999739
  2.25300000 -0.69823536
  2.25400000 -0.69647826
  2.25500000 -0.69472608
  2.25600000 -0.69297881
  2.25700000 -0.69123643
  2.25800000 -0.68949893
  2.25900000 -0.68776629
  2.26000000 -0.68603850
  2.26100000 -0.68431554
  2.26200000 -0.68259741
  2.26300000 -0.68088408
  2.26400000 -0.67917554
  2.26500000 -0.67747178
  2.26600000 -0.67577279
  2.26700000 -0.67407854
  2.26800000 -0.67238903
  2.26900000 -0.67070424
  2.27000000 -0.66902417
  2.27100000 -0.66734878
  2.27200000 -0.66567808
  2.27300000 -0.66401204
  2.27400000 -0.66235066
  2.27500000 -0.66069392
  2.27600000 -0.65904180
  2.27700000 -0.65739430
  2.27800000 -0.65575139
  2.27900000 -0.65411307
  2.28000000 -0.65247932
  2.28100000 -0.65085013
  2.28200000 -0.64922549
  2.28300000 -0.64760538
  2.28400000 -0.64598978
  2.28500000 -0.64437869
  2.28600000 -0.64277209
  2.28700000 -0.64116997
  2.28800000 -0.63957232
  2.28900000 -0.63797912
  2.29000000 -0.63639036
  2.29100000 -0.63480602
  2.29200000 -0.63322610
  2.29300000 -0.63165057
  2.29400000 -0.63007944
  2.29500000 -0.62851267
  2.29600000 -0.62695027
  2.29700000 -0.62539222
  2.29800000 -0.62383850
  2.29900000 -0.62228911
  2.30000000 -0.62074402
  2.30100000 -0.61920323
  2.30200000 -0.61766673
  2.30300000 -0.61613450
  2.30400000 -0.61460653
  2.30500000 -0.61308281
  2.30600000 -0.61156332
  2.30700000 -0.61004805
  2.30800000 -0.60853699
  2.30900000 -0.60703012
  2.31000000 -0.60552745
  2.31100000 -0.60402894
  2.31200000 -0.60253460
  2.31300000 -0.60104440
  2.31400000 -0.59955833
  2.31500000 -0.59807639
  2.31600000 -0.59659856
  2.31700000 -0.59512483
  2.31800000 -0.59365519
  2.31900000 -0.59218962
  2.32000000 -0.59072811
  2.32100000 -0.58927066
  2.32200000 -0.58781724
  2.32300000 -0.58636785
  2.32400000 -0.58492247
  2.32500000 -0.58348110
  2.32600000 -0.58204372
  2.32700000 -0.58061031
  2.32800000 -0.57918088
  2.32900000 -0.57775540
  2.33000000 -0.57633386
  2.33100000 -0.57491626
  2.33200000 -0.57350257
  2.33300000 -0.57209280
  2.33400000 -0.57068692
  2.33500000 -0.56928493
  2.33600000 -0.56788682
  2.33700000 -0.56649256
  2.33800000 -0.56510216
  2.33900000 -0.56371560
  2.34000000 -0.56233287
  2.34100000 -0.56095395
  2.34200000 -0.55957885
  2.34300000 -0.55820753
  2.34400000 -0.55684000
  2.34500000 -0.55547625
  2.34600000 -0.55411625
  2.34700000 -0.55276001
  2.34800000 -0.55140750
  2.34900000 -0.55005872
  2.35000000 -0.54871366
  2.35100000 -0.54737230
  2.35200000 -0.54603465
  2.35300000 -0.54470067
  2.35400000 -0.54337037
  2.35500000 -0.54204373
  2.35600000 -0.54072074
  2.35700000 -0.53940139
  2.35800000 -0.53808567
  2.35900000 -0.53677357
  2.36000000 -0.53546508
  2.36100000 -0.53416019
  2.36200000 -0.53285889
  2.36300000 -0.53156116
  2.36400000 -0.53026700
  2.36500000 -0.52897639
  2.36600000 -0.52768933
  2.36700000 -0.52640580
  2.36800000 -0.52512580
  2.36900000 -0.52384931
  2.37000000 -0.52257632
  2.37100000 -0.52130682
  2.37200000 -0.52004081
  2.37300000 -0.51877827
  2.37400000 -0.51751919
  2.37500000 -0.51626357
  2.37600000 -0.51501138
  2.37700000 -0.51376263
  2.37800000 -0.51251729
  2.37900000 -0.51127537
  2.38000000 -0.51003685
  2.38100000 -0.50880172
  2.38200000 -0.50756997
  2.38300000 -0.50634159
  2.38400000 -0.50511657
  2.38500000 -0.50389491
  2.38600000 -0.50267658
  2.38700000 -0.50146158
  2.38800000 -0.50024991
  2.38900000 -0.49904155
  2.39000000 -0.49783649
  2.39100000 -0.49663472
  2.39200000 -0.49543623
  2.39300000 -0.49424101
  2.39400000 -0.49304906
  2.39500000 -0.49186036
  2.39600000 -0.49067490
  2.39700000 -0.48949268
  2.39800000 -0.48831368
  2.39900000 -0.48713790
  2.40000000 -0.48596532
  2.40100000 -0.48479593
  2.40200000 -0.48362974
  2.40300000 -0.48246672
  2.40400000 -0.48130687
  2.40500000 -0.48015017
  2.40600000 -0.47899662
  2.40700000 -0.47784622
  2.40800000 -0.47669894
  2.40900000 -0.47555479
  2.41000000 -0.47441374
  2.41100000 -0.47327580
  2.41200000 -0.47214095
  2.41300000 -0.47100919
  2.41400000 -0.46988050
  2.41500000 -0.46875488
  2.41600000 -0.46763231
  2.41700000 -0.46651280
  2.41800000 -0.46539632
  2.41900000 -0.46428287
  2.42000000 -0.46317244
  2.42100000 -0.46206502
  2.42200000 -0.46096061
  2.42300000 -0.45985919
  2.42400000 -0.45876076
  2.42500000 -0.45766530
  2.42600000 -0.45657281
  2.42700000 -0.45548328
  2.42800000 -0.45439670
  2.42900000 -0.45331307
  2.43000000 -0.45223236
  2.43100000 -0.45115458
  2.43200000 -0.45007972
  2.43300000 -0.44900776
  2.43400000 -0.44793870
  2.43500000 -0.44687253
  2.43600000 -0.44580925
  2.43700000 -0.44474883
  2.43800000 -0.44369128
  2.43900000 -0.44263659
  2.44000000 -0.44158474
  2.44100000 -0.44053573
  2.44200000 -0.43948956
  2.44300000 -0.43844620
  2.44400000 -0.43740566
  2.44500000 -0.43636793
  2.44600000 -0.43533299
  2.44700000 -0.43430085
  2.44800000 -0.43327148
  2.44900000 -0.43224489
  2.45000000 -0.43122106
  2.45100000 -0.43019999
  2.45200000 -0.42918167
  2.45300000 -0.42816609
  2.45400000 -0.42715324
  2.45500000 -0.42614311
  2.45600000 -0.42513570
  2.45700000 -0.42413100
  2.45800000 -0.42312900
  2.45900000 -0.42212970
  2.46000000 -0.42113307
  2.46100000 -0.42013913
  2.46200000 -0.41914785
  2.46300000 -0.41815923
  2.46400000 -0.41717327
  2.46500000 -0.41618995
  2.46600000 -0.41520927
  2.46700000 -0.41423122
  2.46800000 -0.41325579
  2.46900000 -0.41228298
  2.47000000 -0.41131277
  2.47100000 -0.41034516
  2.47200000 -0.40938014
  2.47300000 -0.40841771
  2.47400000 -0.40745785
  2.47500000 -0.40650056
  2.47600000 -0.40554583
  2.47700000 -0.40459366
  2.47800000 -0.40364403
  2.47900000 -0.40269694
  2.48000000 -0.40175238
  2.48100000 -0.40081035
  2.48200000 -0.39987083
  2.48300000 -0.39893382
  2.48400000 -0.39799931
  2.48500000 -0.39706730
  2.48600000 -0.39613777
  2.48700000 -0.39521073
  2.48800000 -0.39428615
  2.48900000 -0.39336404
  2.49000000 -0.39244439
  2.49100000 -0.39152719
  2.49200000 -0.39061243
  2.49300000 -0.38970011
  2.49400000 -0.38879022
  2.49500000 -0.38788275
  2.49600000 -0.38697770
  2.49700000 -0.38607505
  2.49800000 -0.38517480
  2.49900000 -0.38427695
  2.50000000 -0.38338149
  2.50100000 -0.38248840
  2.50200000 -0.38159769
  2.50300000 -0.38070935
  2.50400000 -0.37982336
  2.50500000 -0.37893972
  2.50600000 -0.37805844
  2.50700000 -0.37717949
  2.50800000 -0.37630287
  2.50900000 -0.37542857
  2.51000000 -0.37455660
  2.51100000 -0.37368693
  2.51200000 -0.37281957
  2.51300000 -0.37195451
  2.51400000 -0.37109174
  2.51500000 -0.37023125
  2.51600000 -0.36937304
  2.51700000 -0.36851710
  2.51800000 -0.36766343
  2.51900000 -0.36681201
  2.52000000 -0.36596285
  2.52100000 -0.36511593
  2.52200000 -0.36427125
  2.52300000 -0.36342880
  2.52400000 -0.36258857
  2.52500000 -0.36175057
  2.52600000 -0.36091477
  2.52700000 -0.36008118
  2.52800000 -0.35924980
  2.52900000 -0.35842060
  2.53000000 -0.35759359
  2.53100000 -0.35676876
  2.53200000 -0.35594611
  2.53300000 -0.35512562
  2.53400000 -0.35430729
  2.53500000 -0.35349112
  2.53600000 -0.35267710
  2.53700000 -0.35186522
  2.53800000 -0.35105547
  2.53900000 -0.35024786
  2.54000000 -0.34944237
  2.54100000 -0.34863899
  2.54200000 -0.34783773
  2.54300000 -0.34703858
  2.54400000 -0.34624152
  2.54500000 -0.34544656
  2.54600000 -0.34465368
  2.54700000 -0.34386288
  2.54800000 -0.34307416
  2.54900000 -0.34228751
  2.55000000 -0.34150292
  2.55100000 -0.34072039
  2.55200000 -0.33993991
  2.55300000 -0.33916147
  2.55400000 -0.33838507
  2.55500000 -0.33761071
  2.55600000 -0.33683837
  2.55700000 -0.33606806
  2.55800000 -0.33529976
  2.55900000 -0.33453347
  2.56000000 -0.33376918
  2.56100000 -0.33300690
  2.56200000 -0.33224660
  2.56300000 -0.33148829
  2.56400000 -0.33073196
  2.56500000 -0.32997761
  2.56600000 -0.32922523
  2.56700000 -0.32847481
  2.56800000 -0.32772635
  2.56900000 -0.32697984
  2.57000000 -0.32623527
  2.57100000 -0.32549265
  2.57200000 -0.32475197
  2.57300000 -0.32401321
  2.57400000 -0.32327638
  2.57500000 -0.32254146
  2.57600000 -0.32180846
  2.57700000 -0.32107737
  2.57800000 -0.32034818
  2.57900000 -0.31962089
  2.58000000 -0.31889549
  2.58100000 -0.31817197
  2.58200000 -0.31745033
  2.58300000 -0.31673057
  2.58400000 -0.31601268
  2.58500000 -0.31529665
  2.58600000 -0.31458248
  2.58700000 -0.31387017
  2.58800000 -0.31315970
  2.58900000 -0.31245108
  2.59000000 -0.31174429
  2.59100000 -0.31103933
  2.59200000 -0.31033621
  2.59300000 -0.30963490
  2.59400000 -0.30893541
  2.59500000 -0.30823773
  2.59600000 -0.30754186
  2.59700000 -0.30684778
  2.59800000 -0.30615551
  2.59900000 -0.30546502
  2.60000000 -0.30477632
  2.60100000 -0.30408940
  2.60200000 -0.30340425
  2.60300000 -0.30272088
  2.60400000 -0.30203927
  2.60500000 -0.30135942
  2.60600000 -0.30068132
  2.60700000 -0.30000497
  2.60800000 -0.29933037
  2.60900000 -0.29865751
  2.61000000 -0.29798638
  2.61100000 -0.29731699
  2.61200000 -0.29664931
  2.61300000 -0.29598336
  2.61400000 -0.29531912
  2.61500000 -0.29465659
  2.61600000 -0.29399577
  2.61700000 -0.29333665
  2.61800000 -0.29267922
  2.61900000 -0.29202348
  2.62000000 -0.29136943
  2.62100000 -0.29071706
  2.62200000 -0.29006637
  2.62300000 -0.28941735
  2.62400000 -0.28876999
  2.62500000 -0.28812430
  2.62600000 -0.28748026
  2.62700000 -0.28683787
  2.62800000 -0.28619714
  2.62900000 -0.28555804
  2.63000000 -0.28492058
  2.63100000 -0.28428476
  2.63200000 -0.28365057
  2.63300000 -0.28301800
  2.63400000 -0.28238704
  2.63500000 -0.28175771
  2.63600000 -0.28112998
  2.63700000 -0.28050386
  2.63800000 -0.27987934
  2.63900000 -0.27925642
  2.64000000 -0.27863509
  2.64100000 -0.27801535
  2.64200000 -0.27739719
  2.64300000 -0.27678061
  2.64400000 -0.27616560
  2.64500000 -0.27555217
  2.64600000 -0.27494029
  2.64700000 -0.27432998
  2.64800000 -0.27372123
  2.64900000 -0.27311402
  2.65000000 -0.27250837
  2.65100000 -0.27190425
  2.65200000 -0.27130168
  2.65300000 -0.27070064
  2.65400000 -0.27010112
  2.65500000 -0.26950314
  2.65600000 -0.26890667
  2.65700000 -0.26831173
  2.65800000 -0.26771829
  2.65900000 -0.26712637
  2.66000000 -0.26653594
  2.66100000 -0.26594702
  2.66200000 -0.26535959
  2.66300000 -0.26477366
  2.66400000 -0.26418921
  2.66500000 -0.26360624
  2.66600000 -0.26302475
  2.66700000 -0.26244474
  2.66800000 -0.26186620
  2.66900000 -0.26128912
  2.67000000 -0.26071350
  2.67100000 -0.26013935
  2.67200000 -0.25956664
  2.67300000 -0.25899539
  2.67400000 -0.25842558
  2.67500000 -0.25785721
  2.67600000 -0.25729028
  2.67700000 -0.25672479
  2.67800000 -0.25616072
  2.67900000 -0.25559808
  2.68000000 -0.25503686
  2.68100000 -0.25447705
  2.68200000 -0.25391866
  2.68300000 -0.25336168
  2.68400000 -0.25280610
  2.68500000 -0.25225193
  2.68600000 -0.25169915
  2.68700000 -0.25114777
  2.68800000 -0.25059777
  2.68900000 -0.25004916
  2.69000000 -0.24950194
  2.69100000 -0.24895609
  2.69200000 -0.24841161
  2.69300000 -0.24786850
  2.69400000 -0.24732676
  2.69500000 -0.24678639
  2.69600000 -0.24624737
  2.69700000 -0.24570970
  2.69800000 -0.24517339
  2.69900000 -0.24463842
  2.70000000 -0.24410480
  2.70100000 -0.24357251
  2.70200000 -0.24304157
  2.70300000 -0.24251195
  2.70400000 -0.24198366
  2.70500000 -0.24145670
  2.70600000 -0.24093106
  2.70700000 -0.24040673
  2.70800000 -0.23988372
  2.70900000 -0.23936202
  2.71000000 -0.23884162
  2.71100000 -0.23832253
  2.71200000 -0.23780473
  2.71300000 -0.23728823
  2.71400000 -0.23677302
  2.71500000 -0.23625910
  2.71600000 -0.23574646
  2.71700000 -0.23523511
  2.71800000 -0.23472503
  2.71900000 -0.23421623
  2.72000000 -0.23370869
  2.72100000 -0.23320242
  2.72200000 -0.23269742
  2.72300000 -0.23219367
  2.72400000 -0.23169118
  2.72500000 -0.23118994
  2.72600000 -0.23068995
  2.72700000 -0.23019121
  2.72800000 -0.22969371
  2.72900000 -0.22919744
  2.73000000 -0.22870242
  2.73100000 -0.22820862
  2.73200000 -0.22771605
  2.73300000 -0.22722471
  2.73400000 -0.22673458
  2.73500000 -0.22624568
  2.73600000 -0.22575799
  2.73700000 -0.22527151
  2.73800000 -0.22478624
  2.73900000 -0.22430217
  2.74000000 -0.22381930
  2.74100000 -0.22333764
  2.74200000 -0.22285716
  2.74300000 -0.22237788
  2.74400000 -0.22189978
  2.74500000 -0.22142287
  2.74600000 -0.22094714
  2.74700000 -0.22047259
  2.74800000 -0.21999921
  2.74900000 -0.21952701
  2.75000000 -0.21905597
  2.75100000 -0.21858610
  2.75200000 -0.21811739
  2.75300000 -0.21764983
  2.75400000 -0.21718344
  2.75500000 -0.21671819
  2.75600000 -0.21625409
  2.75700000 -0.21579114
  2.75800000 -0.21532933
  2.75900000 -0.21486866
  2.76000000 -0.21440913
  2.76100000 -0.21395073
  2.76200000 -0.21349346
  2.76300000 -0.21303732
  2.76400000 -0.21258230
  2.76500000 -0.21212840
  2.76600000 -0.21167561
  2.76700000 -0.21122395
  2.76800000 -0.21077339
  2.76900000 -0.21032394
  2.77000000 -0.20987560
  2.77100000 -0.20942836
  2.77200000 -0.20898221
  2.77300000 -0.20853717
  2.77400000 -0.20809322
  2.77500000 -0.20765035
  2.77600000 -0.20720858
  2.77700000 -0.20676788
  2.77800000 -0.20632827
  2.77900000 -0.20588974
  2.78000000 -0.20545228
  2.78100000 -0.20501590
  2.78200000 -0.20458058
  2.78300000 -0.20414633
  2.78400000 -0.20371314
  2.78500000 -0.20328101
  2.78600000 -0.20284995
  2.78700000 -0.20241993
  2.78800000 -0.20199097
  2.78900000 -0.20156305
  2.79000000 -0.20113618
  2.79100000 -0.20071036
  2.79200000 -0.20028557
  2.79300000 -0.19986182
  2.79400000 -0.19943911
  2.79500000 -0.19901743
  2.79600000 -0.19859678
  2.79700000 -0.19817715
  2.79800000 -0.19775854
  2.79900000 -0.19734096
  2.80000000 -0.19692439
  2.80100000 -0.19650884
  2.80200000 -0.19609430
  2.80300000 -0.19568077
  2.80400000 -0.19526825
  2.80500000 -0.19485673
  2.80600000 -0.19444621
  2.80700000 -0.19403669
  2.80800000 -0.19362816
  2.80900000 -0.19322063
  2.81000000 -0.19281409
  2.81100000 -0.19240853
  2.81200000 -0.19200396
  2.81300000 -0.19160037
  2.81400000 -0.19119776
  2.81500000 -0.19079613
  2.81600000 -0.19039547
  2.81700000 -0.18999578
  2.81800000 -0.18959706
  2.81900000 -0.18919931
  2.82000000 -0.18880252
  2.82100000 -0.18840669
  2.82200000 -0.18801182
  2.82300000 -0.18761791
  2.82400000 -0.18722495
  2.82500000 -0.18683293
  2.82600000 -0.18644187
  2.82700000 -0.18605175
  2.82800000 -0.18566258
  2.82900000 -0.18527434
  2.83000000 -0.18488704
  2.83100000 -0.18450068
  2.83200000 -0.18411525
  2.83300000 -0.18373075
  2.83400000 -0.18334717
  2.83500000 -0.18296452
  2.83600000 -0.18258280
  2.83700000 -0.18220199
  2.83800000 -0.18182210
  2.83900000 -0.18144313
  2.84000000 -0.18106506
  2.84100000 -0.18068791
  2.84200000 -0.18031167
  2.84300000 -0.17993633
  2.84400000 -0.17956189
  2.84500000 -0.17918835
  2.84600000 -0.17881571
  2.84700000 -0.17844397
  2.84800000 -0.17807312
  2.84900000 -0.17770316
  2.85000000 -0.17733408
  2.85100000 -0.17696590
  2.85200000 -0.17659859
  2.85300000 -0.17623217
  2.85400000 -0.17586662
  2.85500000 -0.17550195
  2.85600000 -0.17513816
  2.85700000 -0.17477523
  2.85800000 -0.17441318
  2.85900000 -0.17405199
  2.86000000 -0.17369167
  2.86100000 -0.17333221
  2.86200000 -0.17297360
  2.86300000 -0.17261586
  2.86400000 -0.17225897
  2.86500000 -0.17190293
  2.86600000 -0.17154775
  2.86700000 -0.17119341
  2.86800000 -0.17083991
  2.86900000 -0.17048727
  2.87000000 -0.17013546
  2.87100000 -0.16978449
  2.87200000 -0.16943436
  2.87300000 -0.16908506
  2.87400000 -0.16873660
  2.87500000 -0.16838896
  2.87600000 -0.16804215
  2.87700000 -0.16769617
  2.87800000 -0.16735101
  2.87900000 -0.16700668
  2.88000000 -0.16666316
  2.88100000 -0.16632046
  2.88200000 -0.16597857
  2.88300000 -0.16563750
  2.88400000 -0.16529724
  2.88500000 -0.16495778
  2.88600000 -0.16461913
  2.88700000 -0.16428129
  2.88800000 -0.16394424
  2.88900000 -0.16360800
  2.89000000 -0.16327255
  2.89100000 -0.16293790
  2.89200000 -0.16260404
  2.89300000 -0.16227098
  2.89400000 -0.16193870
  2.89500000 -0.16160721
  2.89600000 -0.16127650
  2.89700000 -0.16094657
  2.89800000 -0.16061743
  2.89900000 -0.16028906
  2.90000000 -0.15996147
  2.90100000 -0.15963466
  2.90200000 -0.15930862
  2.90300000 -0.15898334
  2.90400000 -0.15865884
  2.90500000 -0.15833510
  2.90600000 -0.15801213
  2.90700000 -0.15768991
  2.90800000 -0.15736846
  2.90900000 -0.15704777
  2.91000000 -0.15672783
  2.91100000 -0.15640864
  2.91200000 -0.15609021
  2.91300000 -0.15577253
  2.91400000 -0.15545559
  2.91500000 -0.15513940
  2.91600000 -0.15482396
  2.91700000 -0.15450925
  2.91800000 -0.15419529
  2.91900000 -0.15388207
  2.92000000 -0.15356958
  2.92100000 -0.15325782
  2.92200000 -0.15294680
  2.92300000 -0.15263651
  2.92400000 -0.15232694
  2.92500000 -0.15201810
  2.92600000 -0.15170999
  2.92700000 -0.15140260
  2.92800000 -0.15109593
  2.92900000 -0.15078998
  2.93000000 -0.15048474
  2.93100000 -0.15018022
  2.93200000 -0.14987642
  2.93300000 -0.14957332
  2.93400000 -0.14927093
  2.93500000 -0.14896926
  2.93600000 -0.14866828
  2.93700000 -0.14836801
  2.93800000 -0.14806845
  2.93900000 -0.14776958
  2.94000000 -0.14747141
  2.94100000 -0.14717393
  2.94200000 -0.14687715
  2.94300000 -0.14658107
  2.94400000 -0.14628567
  2.94500000 -0.14599097
  2.94600000 -0.14569695
  2.94700000 -0.14540361
  2.94800000 -0.14511096
  2.94900000 -0.14481899
  2.95000000 -0.14452770
  2.95100000 -0.14423709
  2.95200000 -0.14394716
  2.95300000 -0.14365790
  2.95400000 -0.14336931
  2.95500000 -0.14308140
  2.95600000 -0.14279415
  2.95700000 -0.14250757
  2.95800000 -0.14222166
  2.95900000 -0.14193641
  2.96000000 -0.14165182
  2.96100000 -0.14136790
  2.96200000 -0.14108463
  2.96300000 -0.14080202
  2.96400000 -0.14052006
  2.96500000 -0.14023876
  2.96600000 -0.13995811
  2.96700000 -0.13967811
  2.96800000 -0.13939876
  2.96900000 -0.13912006
  2.97000000 -0.13884200
  2.97100000 -0.13856458
  2.97200000 -0.13828781
  2.97300000 -0.13801168
  2.97400000 -0.13773618
  2.97500000 -0.13746133
  2.97600000 -0.13718710
  2.97700000 -0.13691351
  2.97800000 -0.13664056
  2.97900000 -0.13636823
  2.98000000 -0.13609653
  2.98100000 -0.13582546
  2.98200000 -0.13555501
  2.98300000 -0.13528519
  2.98400000 -0.13501599
  2.98500000 -0.13474741
  2.98600000 -0.13447944
  2.98700000 -0.13421210
  2.98800000 -0.13394537
  2.98900000 -0.13367925
  2.99000000 -0.13341375
  2.99100000 -0.13314886
  2.99200000 -0.13288458
  2.99300000 -0.13262090
  2.99400000 -0.13235783
  2.99500000 -0.13209537
  2.99600000 -0.13183350
  2.99700000 -0.13157224
  2.99800000 -0.13131158
  2.99900000 -0.13105152
  3.00000000 -0.13079205
  3.00100000 -0.13053318
  3.00200000 -0.13027490
  3.00300000 -0.13001722
  3.00400000 -0.12976012
  3.00500000 -0.12950361
  3.00600000 -0.12924769
  3.00700000 -0.12899236
  3.00800000 -0.12873761
  3.00900000 -0.12848345
  3.01000000 -0.12822986
  3.01100000 -0.12797686
  3.01200000 -0.12772443
  3.01300000 -0.12747258
  3.01400000 -0.12722130
  3.01500000 -0.12697060
  3.01600000 -0.12672048
  3.01700000 -0.12647092
  3.01800000 -0.12622193
  3.01900000 -0.12597351
  3.02000000 -0.12572566
  3.02100000 -0.12547837
  3.02200000 -0.12523164
  3.02300000 -0.12498548
  3.02400000 -0.12473988
  3.02500000 -0.12449484
  3.02600000 -0.12425035
  3.02700000 -0.12400642
  3.02800000 -0.12376305
  3.02900000 -0.12352023
  3.03000000 -0.12327796
  3.03100000 -0.12303624
  3.03200000 -0.12279508
  3.03300000 -0.12255445
  3.03400000 -0.12231438
  3.03500000 -0.12207485
  3.03600000 -0.12183587
  3.03700000 -0.12159742
  3.03800000 -0.12135952
  3.03900000 -0.12112216
  3.04000000 -0.12088533
  3.04100000 -0.12064905
  3.04200000 -0.12041329
  3.04300000 -0.12017807
  3.04400000 -0.11994339
  3.04500000 -0.11970923
  3.04600000 -0.11947561
  3.04700000 -0.11924251
  3.04800000 -0.11900994
  3.04900000 -0.11877790
  3.05000000 -0.11854638
  3.05100000 -0.11831538
  3.05200000 -0.11808491
  3.05300000 -0.11785495
  3.05400000 -0.11762552
  3.05500000 -0.11739660
  3.05600000 -0.11716820
  3.05700000 -0.11694031
  3.05800000 -0.11671294
  3.05900000 -0.11648608
  3.06000000 -0.11625973
  3.06100000 -0.11603389
  3.06200000 -0.11580856
  3.06300000 -0.11558374
  3.06400000 -0.11535943
  3.06500000 -0.11513561
  3.06600000 -0.11491230
  3.06700000 -0.11468950
  3.06800000 -0.11446719
  3.06900000 -0.11424539
  3.07000000 -0.11402408
  3.07100000 -0.11380327
  3.07200000 -0.11358295
  3.07300000 -0.11336313
  3.07400000 -0.11314381
  3.07500000 -0.11292497
  3.07600000 -0.11270663
  3.07700000 -0.11248877
  3.07800000 -0.11227141
  3.07900000 -0.11205453
  3.08000000 -0.11183813
  3.08100000 -0.11162223
  3.08200000 -0.11140680
  3.08300000 -0.11119186
  3.08400000 -0.11097739
  3.08500000 -0.11076341
  3.08600000 -0.11054991
  3.08700000 -0.11033688
  3.08800000 -0.11012433
  3.08900000 -0.10991225
  3.09000000 -0.10970065
  3.09100000 -0.10948952
  3.09200000 -0.10927886
  3.09300000 -0.10906867
  3.09400000 -0.10885895
  3.09500000 -0.10864970
  3.09600000 -0.10844091
  3.09700000 -0.10823259
  3.09800000 -0.10802474
  3.09900000 -0.10781734
  3.10000000 -0.10761041
  3.10100000 -0.10740394
  3.10200000 -0.10719793
  3.10300000 -0.10699237
  3.10400000 -0.10678728
  3.10500000 -0.10658264
  3.10600000 -0.10637845
  3.10700000 -0.10617472
  3.10800000 -0.10597144
  3.10900000 -0.10576862
  3.11000000 -0.10556624
  3.11100000 -0.10536431
  3.11200000 -0.10516283
  3.11300000 -0.10496180
  3.11400000 -0.10476121
  3.11500000 -0.10456107
  3.11600000 -0.10436137
  3.11700000 -0.10416211
  3.11800000 -0.10396330
  3.11900000 -0.10376492
  3.12000000 -0.10356699
  3.12100000 -0.10336949
  3.12200000 -0.10317243
  3.12300000 -0.10297580
  3.12400000 -0.10277961
  3.12500000 -0.10258385
  3.12600000 -0.10238853
  3.12700000 -0.10219364
  3.12800000 -0.10199918
  3.12900000 -0.10180514
  3.13000000 -0.10161154
  3.13100000 -0.10141836
  3.13200000 -0.10122561
  3.13300000 -0.10103328
  3.13400000 -0.10084138
  3.13500000 -0.10064990
  3.13600000 -0.10045884
  3.13700000 -0.10026820
  3.13800000 -0.10007799
  3.13900000 -0.09988819
  3.14000000 -0.09969881
  3.14100000 -0.09950984
  3.14200000 -0.09932130
  3.14300000 -0.09913316
  3.14400000 -0.09894544
  3.14500000 -0.09875813
  3.14600000 -0.09857124
  3.14700000 -0.09838475
  3.14800000 -0.09819867
  3.14900000 -0.09801300
  3.15000000 -0.09782774
  3.15100000 -0.09764289
  3.15200000 -0.09745844
  3.15300000 -0.09727439
  3.15400000 -0.09709075
  3.15500000 -0.09690751
  3.15600000 -0.09672468
  3.15700000 -0.09654224
  3.15800000 -0.09636020
  3.15900000 -0.09617856
  3.16000000 -0.09599732
  3.16100000 -0.09581647
  3.16200000 -0.09563602
  3.16300000 -0.09545596
  3.16400000 -0.09527630
  3.16500000 -0.09509703
  3.16600000 -0.09491815
  3.16700000 -0.09473966
  3.16800000 -0.09456156
  3.16900000 -0.09438385
  3.17000000 -0.09420653
  3.17100000 -0.09402960
  3.17200000 -0.09385305
  3.17300000 -0.09367688
  3.17400000 -0.09350110
  3.17500000 -0.09332570
  3.17600000 -0.09315068
  3.17700000 -0.09297605
  3.17800000 -0.09280179
  3.17900000 -0.09262791
  3.18000000 -0.09245441
  3.18100000 -0.09228129
  3.18200000 -0.09210855
  3.18300000 -0.09193618
  3.18400000 -0.09176418
  3.18500000 -0.09159256
  3.18600000 -0.09142131
  3.18700000 -0.09125043
  3.18800000 -0.09107993
  3.18900000 -0.09090979
  3.19000000 -0.09074002
  3.19100000 -0.09057062
  3.19200000 -0.09040159
  3.19300000 -0.09023292
  3.19400000 -0.09006462
  3.19500000 -0.08989669
  3.19600000 -0.08972911
  3.19700000 -0.08956190
  3.19800000 -0.08939505
  3.19900000 -0.08922856
  3.20000000 -0.08906244
  3.20100000 -0.08889667
  3.20200000 -0.08873126
  3.20300000 -0.08856620
  3.20400000 -0.08840151
  3.20500000 -0.08823717
  3.20600000 -0.08807318
  3.20700000 -0.08790955
  3.20800000 -0.08774627
  3.20900000 -0.08758334
  3.21000000 -0.08742076
  3.21100000 -0.08725854
  3.21200000 -0.08709666
  3.21300000 -0.08693513
  3.21400000 -0.08677395
  3.21500000 -0.08661312
  3.21600000 -0.08645263
  3.21700000 -0.08629249
  3.21800000 -0.08613269
  3.21900000 -0.08597324
  3.22000000 -0.08581413
  3.22100000 -0.08565536
  3.22200000 -0.08549693
  3.22300000 -0.08533885
  3.22400000 -0.08518110
  3.22500000 -0.08502369
  3.22600000 -0.08486662
  3.22700000 -0.08470988
  3.22800000 -0.08455348
  3.22900000 -0.08439742
  3.23000000 -0.08424169
  3.23100000 -0.08408630
  3.23200000 -0.08393124
  3.23300000 -0.08377651
  3.23400000 -0.08362211
  3.23500000 -0.08346804
  3.23600000 -0.08331430
  3.23700000 -0.08316089
  3.23800000 -0.08300781
  3.23900000 -0.08285505
  3.24000000 -0.08270263
  3.24100000 -0.08255052
  3.24200000 -0.08239875
  3.24300000 -0.08224729
  3.24400000 -0.08209616
  3.24500000 -0.08194536
  3.24600000 -0.08179487
  3.24700000 -0.08164471
  3.24800000 -0.08149486
  3.24900000 -0.08134534
  3.25000000 -0.08119613
  3.25100000 -0.08104724
  3.25200000 -0.08089867
  3.25300000 -0.08075042
  3.25400000 -0.08060248
  3.25500000 -0.08045485
  3.25600000 -0.08030754
  3.25700000 -0.08016054
  3.25800000 -0.08001386
  3.25900000 -0.07986749
  3.26000000 -0.07972142
  3.26100000 -0.07957567
  3.26200000 -0.07943023
  3.26300000 -0.07928510
  3.26400000 -0.07914027
  3.26500000 -0.07899575
  3.26600000 -0.07885154
  3.26700000 -0.07870764
  3.26800000 -0.07856404
  3.26900000 -0.07842074
  3.27000000 -0.07827775
  3.27100000 -0.07813506
  3.27200000 -0.07799267
  3.27300000 -0.07785058
  3.27400000 -0.07770880
  3.27500000 -0.07756731
  3.27600000 -0.07742613
  3.27700000 -0.07728524
  3.27800000 -0.07714465
  3.27900000 -0.07700436
  3.28000000 -0.07686436
  3.28100000 -0.07672466
  3.28200000 -0.07658525
  3.28300000 -0.07644614
  3.28400000 -0.07630732
  3.28500000 -0.07616880
  3.28600000 -0.07603057
  3.28700000 -0.07589262
  3.28800000 -0.07575497
  3.28900000 -0.07561761
  3.29000000 -0.07548054
  3.29100000 -0.07534376
  3.29200000 -0.07520727
  3.29300000 -0.07507106
  3.29400000 -0.07493514
  3.29500000 -0.07479950
  3.29600000 -0.07466415
  3.29700000 -0.07452909
  3.29800000 -0.07439431
  3.29900000 -0.07425981
  3.30000000 -0.07412559
